4
139
-461 -442 -426 -270 -231 -421 -226 -377 -496 -336 -345 -247 -391 -346 -404 -424 -368 -343 -267 -371 -493 -242 -325 -283 -303 -416 -401 -473 -422 -233 -234 -388 -390 -354 -331 -255 -418 -448 -307 -327 -235 -298 -323 -313 -409 -329 -423 -430 -349 -403 -276 -485 -489 -261 -445 -470 -379 -340 -238 -277 -311 -232 -363 -262 -385 -397 -291 -278 -456 -269 -304 -458 -362 -314 -440 -239 -265 -321 -435 -360 -326 -482 -244 -352 -399 -358 -257 -396 -310 -450 -338 -264 -271 -488 -333 -286 -434 -330 -378 -280 -272 -341 -394 -256 -328 -364 -324 -248 -432 -312 -478 -479 -366 -405 -411 -335 -229 -483 -355 -334 -406 -339 -243 -316 -437 -348 -468 -359 -472 -492 -230 -487 -376 -429 -370 -373 -438 -266 -332
59
-19 -34 38 -3 60 3 -49 9 74 23 -15 -40 -12 69 16 72 51 26 -8 -37 2 20 41 -29 -26 -13 73 37 5 30 -10 -16 -24 24 -6 -31 -23 46 77 -42 80 39 52 -21 61 34 64 63 -1 78 12 70 58 31 43 -38 -17 8 -28 
365
21 -28 132 -30 -229 -173 -159 -169 -5 245 -247 -38 241 183 -53 69 8 251 -1 -84 165 -209 -133 -206 76 -122 -224 32 -176 -165 -73 20 119 215 -193 56 -82 166 -47 95 -6 -131 174 235 181 -238 107 -163 172 -232 202 17 -124 -230 -110 209 199 -111 220 -146 177 -102 -98 -10 -58 160 -228 244 -92 -118 -149 -29 152 12 -237 210 87 133 -200 161 123 102 253 -151 -109 -8 243 -20 -69 51 50 114 85 -35 75 258 156 -197 134 60 49 109 175 53 -160 -19 232 256 -219 -40 15 -43 -141 171 -143 83 -199 -97 -112 -94 140 182 -125 192 -166 -257 -233 73 113 -24 -152 122 -147 116 153 -57 -256 64 -127 -117 13 91 -11 137 44 224 141 -251 -44 90 162 43 143 -174 -21 -75 -172 -16 10 23 128 -156 6 144 42 225 145 92 -107 -39 -250 33 -181 -17 -31 -213 -101 -177 168 -79 -170 86 -205 -221 -86 -242 74 208 22 -196 -105 -60 -87 -226 -56 147 14 -80 -167 218 65 31 -119 -63 -202 94 170 -48 -61 246 -145 -34 -9 217 88 205 -148 -74 189 184 -249 -26 142 -59 242 -113 68 5 -150 -46 -180 -239 47 -90 -72 78 0 -2 -225 100 193 -216 -240 -236 27 -52 -220 35 -189 79 -241 112 -36 -67 -134 -136 206 190 191 204 -215 212 257 -164 -214 96 247 -201 -50 186 62 82 252 239 -70 -182 89 45 -65 -77 -37 -114 -126 58 169 124 -218 -184 105 -254 84 -191 203 -190 -153 -178 -41 135 -108 249 -231 -100 -142 -96 146 151 230 -13 -204 -139 -203 -154 118 -93 67 111 -55 57 179 3 -245 -198 1 250 -185 101 -248 214 187 240 149 25 -51 254 7 -120 -210 -137 -179 148 66 -130 -194 97 -132 -171 127 -217 -183 71 -135 26 227 -195 -168 61 28 200 41 -255 -14 207 59 173 -252 
365
-22 168 -40 198 58 76 -128 -194 -34 24 142 233 -75 -181 -223 43 -10 204 -237 -92 46 218 215 1 188 -129 54 48 -20 -33 -136 3 217 253 -5 -159 -184 83 88 176 -39 243 161 106 171 116 -58 -143 -45 173 129 179 -239 258 247 -234 222 203 -59 -49 -61 -63 -217 -229 120 2 152 -102 114 -106 -243 147 -8 -125 62 242 -183 94 -238 -109 -228 -18 -57 57 17 -90 0 63 -38 8 -160 50 -79 230 -189 79 -124 118 -55 -114 -80 104 -156 -85 -101 -190 -257 -56 -236 72 26 32 231 -132 -195 -224 -46 -208 38 -161 -67 137 -178 -98 -248 -205 -150 -88 -87 -14 -37 -3 -179 -172 245 156 -206 225 256 192 134 113 -64 20 224 -141 -258 4 -157 -54 241 146 66 -251 182 -115 21 157 -185 -209 164 33 184 10 -100 -28 -198 -4 11 67 -226 -140 -173 7 -202 141 232 -130 208 -145 -48 126 124 -126 211 131 -6 229 102 -192 240 -164 -83 205 163 255 -131 -7 -211 -149 -77 -62 -201 195 -11 186 -213 -89 228 52 -19 -241 -133 248 36 -244 121 -32 59 252 -139 181 -171 -242 71 138 -196 44 -169 -111 226 194 -127 42 -219 -247 244 227 119 -118 130 -81 -154 127 -26 68 18 87 117 239 165 238 -186 175 92 37 -212 -12 251 -218 -151 162 89 -99 128 -207 -122 158 -255 250 6 201 219 149 35 -245 110 -222 77 -214 150 -163 236 53 -246 -167 -134 -177 -70 166 15 151 -168 40 107 45 103 -235 -94 -182 51 23 -138 -71 145 41 -153 111 -123 95 -142 101 -86 254 155 56 -231 132 189 177 197 -69 -215 -23 -152 148 -221 -30 -210 90 -148 -110 -97 221 -256 73 209 -225 13 93 -66 -144 78 -119 -43 -180 -120 98 135 213 99 -204 -240 115 234 -230 74 212 206 -216 -25 -76 -116 96 -1 
 
